00000000000000010000001000000011000001000000010100000110000001110000100000001001000010100000101100001100000011010000111000001111
00000001000001010000100100001101000000100000011000001010000011100000001100000111000010110000111100000100000010000000110000010000
00010010001101000101011001111000100110101011110011011110111100100001001000110100010101100111100010011010101111001101111011110010
00010010001101000101011001111000100110101011110011011110111100100001001000110100010101100111100010011010101111001101111011110010
00010010001101000101011001111000100110101011110011011110111100100001001000110100010101100111100010011010101111001101111011110010
00010010001101000101011001111000100110101011110011011110111100100001001000110100010101100111100010011010101111001101111011110010
00010010001101000101011001111000100110101011110011011110111100100001001000110100010101100111100010011010101111001101111011110010
00010010001101000101011001111000100110101011110011011110111100100001001000110100010101100111100010011010101111001101111011110010
00010010001101000101011001111000100110101011110011011110111100100001001000110100010101100111100010011010101111001101111011110010
00000001000000100000001100000100000001010000011000000111000010000000100100001010000010110000110000001101000011100000111100010000
00010010001101000101011001111000100110101011110011011110111100100001001000110100010101100111100010011010101111001101111011110010
00010010001101000101011001111000100110101011110011011110111100100001001000110100010101100111100010011010101111001101111011110010
00010010001101000101011001111000100110101011110011011110111100100001001000110100010101100111100010011010101111001101111011110010
00010010001101000101011001111000100110101011110011011110111100100001001000110100010101100111100010011010101111001101111011110010
00010010001101000101011001111000100110101011110011011110111100100001001000110100010101100111100010011010101111001101111011110010
00010010001101000101011001111000100110101011110011011110111100100001001000110100010101100111100010011010101111001101111011110010
00010010001101000101011001111000100110101011110011011110111100100001001000110100010101100111100010011010101111001101111011110010
00010010001101000101011001111000100110101011110011011110111100100001001000110100010101100111100010011010101111001101111011110010
00010010001101000101011001111000100110101011110011011110111100100001001000110100010101100111100010011010101111001101111011110010
00010010001101000101011001111000100110101011110011011110111100100001001000110100010101100111100010011010101111001101111011110010
00010010001101000101011001111000100110101011110011011110111100100001001000110100010101100111100010011010101111001101111011110010
00010010001101000101011001111000100110101011110011011110111100100001001000110100010101100111100010011010101111001101111011110010
00010010001101000101011001111000100110101011110011011110111100100001001000110100010101100111100010011010101111001101111011110010
00010010001101000101011001111000100110101011110011011110111100100001001000110100010101100111100010011010101111001101111011110010
00010010001101000101011001111000100110101011110011011110111100100001001000110100010101100111100010011010101111001101111011110010
00010010001101000101011001111000100110101011110011011110111100100001001000110100010101100111100010011010101111001101111011110010
00010010001101000101011001111000100110101011110011011110111100100001001000110100010101100111100010011010101111001101111011110010
00010010001101000101011001111000100110101011110011011110111100100001001000110100010101100111100010011010101111001101111011110010
00010010001101000101011001111000100110101011110011011110111100100001001000110100010101100111100010011010101111001101111011110010
00010010001101000101011001111000100110101011110011011110111100100001001000110100010101100111100010011010101111001101111011110010
00010010001101000101011001111000100110101011110011011110111100100001001000110100010101100111100010011010101111001101111011110010
00010010001101000101011001111000100110101011110011011110111100100001001000110100010101100111100010011010101111001101111011110010
00010010001101000101011001111000100110101011110011011110111100100001001000110100010101100111100010011010101111001101111011110010