01101001110001001110000011011000011010100111101100000100001100001101100011001101101101111000000001110000101101001100010101011010
00100001011000100100001011000110110110110001011110100010101010111110011000111000100011010001110111111010001111000110001001100000
10001100011111111100000110010011111100000111100001000111110001101000110001111111110000011001001111110000011110000100011111000110
00001100011111111100100110010011111100000111100001000111110001101000110001111111110000011001001111110000011110000100011111000110
11001100011111111100000110010011111100000111100001000111110001101000110001111111110000011001001111110000011110000100011111000110
10101100011111111100000110010011111100000111100001000111110001101000110001111111110100011001001111110000011110000100011111000110
0011100011111111100000110010011111100000111101101000111110001101000110001111111110000011001001111110100011110000100011111000110
11101100011111111100000110010011111100000111100001000111111001101000110001111111110000011001001111110011011110000100011111000110
00011000011111111100000110010011111100000111100001000111110001101000110001111111110000011001001111110000011110000100011111000110
00100001110110111110011011111010011000100001011100111000001111000100001010100010100011010110001011000110101010110001110101100000
11011100011111111100110110010011111100000111100001000111110001101000110001111111110000011001001111110000011110000100011111000110
10001100011111111100011011001001111110000011110000100011111000110100011000111111111001001100100111111000001111000010001111100011
10001100011111111100000110010011111100000111100001000111110001101000110001111111110000011001001111110010011110000100011111000110
10001100011111111111000110010011111100000111100001000111110001101000110001111111110000011001001111110000011110000100011111000110
10111100011111111100000110010011111100000111100001000111110001101000110001111111110000011001001111110000011110100100011111000110
10001100011111111100000110010011111100000111100001000111110001101000110001111111110000011001001111110000011110000100011111000110
10001100011111111100000110010011111100000111100001000111110001101000110001111111110100011001001111110000011110000100011111000110
10001100011111111100000110010011111100000111100001000111110001101000110001111111110000011001001111110000011110000100011111000110
10001100011111111100000110010011111100000111100001000111110001101000110001111111110000011001001111110000011110100100011111000110
10001100011111111100000110010011111100000111100001000111110001101000110001111111110000011001001111110000011110000100011111000110
10001100011111111100000110010011111100000111100001000111110001101000110001111111110000011001001111110000011110010100011111000110
11101100011111111100000110010011111100000111100001000111110001101000110001111111110000011001001111110000011110000100011111000110
10001100011111111100000110010011111100000111100001000111110001101000110001111111110000011001001111110000011110000100011111000110
10001100011111111100000110010011111100000111100001000111110001101000110001111111110000011001001111110100011110000100011111000110
10001100011111111100000110010011111100000111100001000111110001101000110001111111110000011001001111110000011110000100011111000110
10001100011111111100000110010011111100000111100001000111110001101000110001111111110000011001001111110000011110000100011111000110
10001100011111111100000110010011111100000111100001000111110001101000110001111111110000011001001111110000011110000100011111000110
10001100011111111100000110010011111100000111100001000111110001101000110001111111110110001100100111111000101111000010001111100011
10001100011111111100000110010011111100000111100001000111110001101000110001111111110000011001001111110000011110000100011111000110
10001100011111111100000110010011111100000111100001000111110001101000110001111111110000011001001111110010011110000100011111010110
10001100011111111100000110010011111100000111100001000111110001101000111001111111110000011001001111110000011110000100011111000110
10001100011111111100100110010011111100000111100001000111110001101000110001111111110000011001001111110000011110000100011111000110
10001100011111111100000110010011111101000111100001000111110001101000110001111111110000011001001111110010011110000100011111000110